3 1 149 173 307 305 -1 -1 -1 -1 
4 1 149 173 307 305 -1 -1 -1 -1 
4 2 166 449 70 30 -1 -1 -1 -1 
5 1 159 174 297 305 -1 -1 -1 -1 
6 1 159 174 297 305 -1 -1 -1 -1 
7 1 158 175 299 304 -1 -1 -1 -1 
8 1 161 177 294 301 -1 -1 -1 -1 
8 2 175 451 67 28 -1 -1 -1 -1 
9 1 161 177 294 301 -1 -1 -1 -1 
9 2 175 451 67 28 -1 -1 -1 -1 
10 1 158 176 299 303 -1 -1 -1 -1 
11 1 158 176 299 303 -1 -1 -1 -1 
12 1 157 172 300 306 -1 -1 -1 -1 
13 1 157 172 300 306 -1 -1 -1 -1 
14 1 154 173 302 306 -1 -1 -1 -1 
15 1 160 174 295 304 -1 -1 -1 -1 
16 1 160 174 295 304 -1 -1 -1 -1 
17 1 158 174 298 304 -1 -1 -1 -1 
18 1 158 174 298 304 -1 -1 -1 -1 
19 1 155 173 301 305 -1 -1 -1 -1 
20 1 155 173 301 305 -1 -1 -1 -1 
21 1 161 172 292 307 -1 -1 -1 -1 
22 1 161 172 292 307 -1 -1 -1 -1 
23 1 161 172 292 307 -1 -1 -1 -1 
24 1 159 171 298 308 -1 -1 -1 -1 
25 1 159 171 298 308 -1 -1 -1 -1 
26 1 158 175 296 303 -1 -1 -1 -1 
27 1 158 175 296 303 -1 -1 -1 -1 
28 1 159 172 295 307 -1 -1 -1 -1 
29 1 159 172 295 307 -1 -1 -1 -1 
30 1 159 172 297 306 -1 -1 -1 -1 
31 1 157 172 299 306 -1 -1 -1 -1 
32 1 157 172 299 306 -1 -1 -1 -1 
33 1 158 170 297 309 -1 -1 -1 -1 
34 1 158 170 297 309 -1 -1 -1 -1 
35 1 161 170 295 309 -1 -1 -1 -1 
36 1 160 170 297 309 -1 -1 -1 -1 
37 1 160 170 297 309 -1 -1 -1 -1 
38 1 160 170 296 309 -1 -1 -1 -1 
39 1 160 170 296 309 -1 -1 -1 -1 
40 1 162 167 292 312 -1 -1 -1 -1 
41 1 162 167 292 312 -1 -1 -1 -1 
42 1 162 161 291 318 -1 -1 -1 -1 
42 2 205 444 65 26 -1 -1 -1 -1 
43 1 160 156 291 323 -1 -1 -1 -1 
43 2 205 444 65 26 -1 -1 -1 -1 
44 1 160 156 291 323 -1 -1 -1 -1 
45 1 161 154 295 325 -1 -1 -1 -1 
46 1 161 154 295 325 -1 -1 -1 -1 
46 2 220 442 69 36 -1 -1 -1 -1 
47 1 152 156 307 323 -1 -1 -1 -1 
48 1 152 156 307 323 -1 -1 -1 -1 
49 1 153 149 312 330 -1 -1 -1 -1 
50 1 147 144 320 333 -1 -1 -1 -1 
51 1 147 144 320 333 -1 -1 -1 -1 
52 1 142 145 329 334 -1 -1 -1 -1 
53 1 142 145 329 334 -1 -1 -1 -1 
54 1 135 142 344 337 -1 -1 -1 -1 
55 1 135 142 344 337 -1 -1 -1 -1 
56 1 126 143 355 336 -1 -1 -1 -1 
57 1 130 140 345 338 -1 -1 -1 -1 
58 1 130 140 345 338 -1 -1 -1 -1 
59 1 137 140 335 338 -1 -1 -1 -1 
60 1 137 142 336 336 -1 -1 -1 -1 
61 1 137 142 336 336 -1 -1 -1 -1 
62 1 138 143 335 336 -1 -1 -1 -1 
63 1 137 143 336 335 -1 -1 -1 -1 
64 1 137 143 336 335 -1 -1 -1 -1 
65 1 141 140 336 338 -1 -1 -1 -1 
66 1 141 140 336 338 -1 -1 -1 -1 
67 1 139 140 335 338 -1 -1 -1 -1 
68 1 139 140 335 338 -1 -1 -1 -1 
69 1 138 142 336 335 -1 -1 -1 -1 
70 1 140 143 333 334 -1 -1 -1 -1 
71 1 140 143 333 334 -1 -1 -1 -1 
72 1 139 141 334 337 -1 -1 -1 -1 
73 1 139 141 334 337 -1 -1 -1 -1 
74 1 142 144 334 333 -1 -1 -1 -1 
74 2 122 231 107 86 -1 -1 -1 -1 
75 1 141 142 332 336 -1 -1 -1 -1 
76 1 141 142 332 336 -1 -1 -1 -1 
77 1 141 142 333 336 -1 -1 -1 -1 
78 1 141 142 333 336 -1 -1 -1 -1 
79 1 140 140 334 338 -1 -1 -1 -1 
80 1 140 140 334 338 -1 -1 -1 -1 
81 1 137 140 339 338 -1 -1 -1 -1 
82 1 137 140 339 338 -1 -1 -1 -1 
83 1 137 140 339 338 -1 -1 -1 -1 
84 1 136 143 342 334 -1 -1 -1 -1 
84 2 120 232 109 83 -1 -1 -1 -1 
85 1 136 143 342 334 -1 -1 -1 -1 
85 2 120 232 109 83 -1 -1 -1 -1 
86 1 139 141 334 337 -1 -1 -1 -1 
87 1 139 141 334 337 -1 -1 -1 -1 
88 1 140 143 335 335 -1 -1 -1 -1 
89 1 139 141 334 337 -1 -1 -1 -1 
90 1 139 141 334 337 -1 -1 -1 -1 
91 1 141 143 333 336 -1 -1 -1 -1 
92 1 141 143 333 336 -1 -1 -1 -1 
93 1 140 143 333 336 -1 -1 -1 -1 
93 8 121 313 104 153 -1 -1 -1 -1 
94 1 140 143 333 336 -1 -1 -1 -1 
94 8 121 313 104 153 -1 -1 -1 -1 
95 1 145 142 330 337 -1 -1 -1 -1 
96 1 138 140 338 339 -1 -1 -1 -1 
97 1 138 140 338 339 -1 -1 -1 -1 
98 1 141 142 333 337 -1 -1 -1 -1 
99 1 141 142 333 337 -1 -1 -1 -1 
100 1 143 141 329 338 -1 -1 -1 -1 
100 8 120 312 105 155 -1 -1 -1 -1 
101 1 143 141 329 338 -1 -1 -1 -1 
101 8 120 312 105 155 -1 -1 -1 -1 
102 1 142 142 332 337 -1 -1 -1 -1 
103 1 142 142 332 337 -1 -1 -1 -1 
104 1 142 142 332 337 -1 -1 -1 -1 
105 1 143 144 327 334 -1 -1 -1 -1 
106 1 143 144 327 334 -1 -1 -1 -1 
107 1 143 142 335 335 -1 -1 -1 -1 
108 1 143 142 335 335 -1 -1 -1 -1 
109 1 138 141 340 337 -1 -1 -1 -1 
109 8 122 231 107 85 -1 -1 -1 -1 
110 1 142 141 335 337 -1 -1 -1 -1 
111 1 142 141 335 337 -1 -1 -1 -1 
112 1 141 139 338 339 -1 -1 -1 -1 
113 1 141 139 338 339 -1 -1 -1 -1 
114 1 142 137 336 342 -1 -1 -1 -1 
115 1 142 137 336 342 -1 -1 -1 -1 
116 1 138 138 342 339 -1 -1 -1 -1 
117 1 141 138 339 340 -1 -1 -1 -1 
118 1 141 138 339 340 -1 -1 -1 -1 
119 1 138 139 341 340 -1 -1 -1 -1 
119 2 120 313 113 157 -1 -1 -1 -1 
120 1 138 139 341 340 -1 -1 -1 -1 
120 2 120 313 113 157 -1 -1 -1 -1 
121 1 135 141 342 338 -1 -1 -1 -1 
121 2 120 313 113 157 -1 -1 -1 -1 
122 1 135 141 342 338 -1 -1 -1 -1 
122 8 231 266 22 46 -1 -1 -1 -1 
123 1 143 146 328 333 -1 -1 -1 -1 
124 1 142 145 333 334 -1 -1 -1 -1 
124 2 122 317 97 147 -1 -1 -1 -1 
124 8 229 285 19 28 -1 -1 -1 -1 
125 1 132 147 352 332 -1 -1 -1 -1 
125 2 122 317 97 147 -1 -1 -1 -1 
126 1 132 147 352 332 -1 -1 -1 -1 
126 8 231 268 19 46 -1 -1 -1 -1 
127 1 133 150 350 329 -1 -1 -1 -1 
127 8 232 267 19 46 -1 -1 -1 -1 
128 1 133 150 350 329 -1 -1 -1 -1 
128 8 232 267 19 46 -1 -1 -1 -1 
129 1 138 151 342 328 -1 -1 -1 -1 
130 1 138 151 342 328 -1 -1 -1 -1 
131 1 135 150 349 329 -1 -1 -1 -1 
131 8 232 267 20 46 -1 -1 -1 -1 
132 1 135 149 348 330 -1 -1 -1 -1 
132 8 231 266 20 47 -1 -1 -1 -1 
133 1 135 149 348 330 -1 -1 -1 -1 
133 8 231 266 20 47 -1 -1 -1 -1 
134 1 136 152 343 327 -1 -1 -1 -1 
134 8 231 267 21 46 -1 -1 -1 -1 
135 1 136 152 343 327 -1 -1 -1 -1 
135 8 231 267 21 46 -1 -1 -1 -1 
136 1 143 151 345 328 -1 -1 -1 -1 
137 1 143 151 345 328 -1 -1 -1 -1 
138 1 136 151 345 328 -1 -1 -1 -1 
138 8 231 266 21 48 -1 -1 -1 -1 
139 1 138 149 343 330 -1 -1 -1 -1 
140 1 138 149 343 330 -1 -1 -1 -1 
141 1 133 153 350 326 -1 -1 -1 -1 
142 1 133 153 350 326 -1 -1 -1 -1 
143 1 134 150 347 329 -1 -1 -1 -1 
143 8 239 265 16 46 -1 -1 -1 -1 
144 1 134 150 347 329 -1 -1 -1 -1 
144 8 239 265 16 46 -1 -1 -1 -1 
145 1 138 151 345 328 -1 -1 -1 -1 
146 1 138 151 345 328 -1 -1 -1 -1 
147 1 138 151 345 328 -1 -1 -1 -1 
148 1 138 149 345 330 -1 -1 -1 -1 
148 8 232 267 21 46 -1 -1 -1 -1 
149 1 138 149 345 330 -1 -1 -1 -1 
149 8 232 267 21 46 -1 -1 -1 -1 
150 1 135 152 344 327 -1 -1 -1 -1 
150 2 120 316 105 151 -1 -1 -1 -1 
150 8 238 265 17 46 -1 -1 -1 -1 
151 1 135 152 344 327 -1 -1 -1 -1 
151 2 120 316 105 151 -1 -1 -1 -1 
151 8 238 265 17 46 -1 -1 -1 -1 
152 1 129 151 358 328 -1 -1 -1 -1 
152 2 120 316 105 151 -1 -1 -1 -1 
153 1 134 150 338 329 -1 -1 -1 -1 
154 1 134 150 338 329 -1 -1 -1 -1 
155 1 141 147 338 332 -1 -1 -1 -1 
155 8 238 265 17 46 -1 -1 -1 -1 
156 1 139 149 343 330 -1 -1 -1 -1 
156 8 229 285 21 28 -1 -1 -1 -1 
157 1 141 150 338 329 -1 -1 -1 -1 
157 8 231 266 21 48 -1 -1 -1 -1 
158 1 141 150 338 329 -1 -1 -1 -1 
158 8 231 266 21 48 -1 -1 -1 -1 
159 1 140 149 342 330 -1 -1 -1 -1 
160 1 140 149 342 330 -1 -1 -1 -1 
161 1 136 150 344 329 -1 -1 -1 -1 
162 1 140 149 347 330 -1 -1 -1 -1 
162 8 239 264 16 46 -1 -1 -1 -1 
163 1 140 149 347 330 -1 -1 -1 -1 
163 8 239 264 16 46 -1 -1 -1 -1 
164 1 136 151 346 328 -1 -1 -1 -1 
164 8 238 263 17 49 -1 -1 -1 -1 
165 1 136 151 346 328 -1 -1 -1 -1 
165 8 238 263 17 49 -1 -1 -1 -1 
166 1 143 152 339 327 -1 -1 -1 -1 
167 1 143 152 339 327 -1 -1 -1 -1 
168 1 137 152 340 327 -1 -1 -1 -1 
169 1 144 151 333 328 -1 -1 -1 -1 
170 1 144 151 333 328 -1 -1 -1 -1 
171 1 137 152 339 327 -1 -1 -1 -1 
171 2 122 314 105 155 -1 -1 -1 -1 
171 8 231 265 22 49 -1 -1 -1 -1 
172 1 137 152 339 327 -1 -1 -1 -1 
172 2 122 314 105 155 -1 -1 -1 -1 
172 8 231 265 22 49 -1 -1 -1 -1 
173 1 137 152 340 327 -1 -1 -1 -1 
173 2 122 314 105 155 -1 -1 -1 -1 
174 1 137 152 340 327 -1 -1 -1 -1 
174 8 239 265 16 46 -1 -1 -1 -1 
175 1 134 150 348 329 -1 -1 -1 -1 
176 1 137 148 347 331 -1 -1 -1 -1 
177 1 137 148 347 331 -1 -1 -1 -1 
178 1 136 151 355 328 -1 -1 -1 -1 
178 8 229 285 20 28 -1 -1 -1 -1 
179 1 136 151 355 328 -1 -1 -1 -1 
179 8 229 285 20 28 -1 -1 -1 -1 
180 1 138 147 347 332 -1 -1 -1 -1 
180 2 122 315 96 153 -1 -1 -1 -1 
181 1 138 147 347 332 -1 -1 -1 -1 
181 2 122 315 96 153 -1 -1 -1 -1 
182 1 140 149 348 330 -1 -1 -1 -1 
183 1 140 151 340 328 -1 -1 -1 -1 
184 1 140 151 340 328 -1 -1 -1 -1 
185 1 138 149 338 330 -1 -1 -1 -1 
186 1 138 149 338 330 -1 -1 -1 -1 
187 1 144 147 340 332 -1 -1 -1 -1 
187 8 228 284 23 30 -1 -1 -1 -1 
188 1 144 147 340 332 -1 -1 -1 -1 
188 8 228 284 23 30 -1 -1 -1 -1 
189 1 139 151 344 328 -1 -1 -1 -1 
189 8 230 284 20 29 -1 -1 -1 -1 
190 1 139 151 344 328 -1 -1 -1 -1 
190 8 230 284 20 29 -1 -1 -1 -1 
191 1 139 151 344 328 -1 -1 -1 -1 
191 8 230 284 20 29 -1 -1 -1 -1 
192 1 141 152 336 327 -1 -1 -1 -1 
193 1 141 152 336 327 -1 -1 -1 -1 
194 1 141 148 339 331 -1 -1 -1 -1 
195 1 143 154 332 325 -1 -1 -1 -1 
196 1 143 154 332 325 -1 -1 -1 -1 
197 1 143 148 332 331 -1 -1 -1 -1 
197 2 122 321 99 149 -1 -1 -1 -1 
198 1 143 148 332 331 -1 -1 -1 -1 
198 2 122 321 99 149 -1 -1 -1 -1 
199 1 145 149 339 330 -1 -1 -1 -1 
200 1 145 149 339 330 -1 -1 -1 -1 
201 1 137 151 342 328 -1 -1 -1 -1 
202 1 131 148 350 331 -1 -1 -1 -1 
202 8 229 287 20 26 -1 -1 -1 -1 
203 1 131 148 350 331 -1 -1 -1 -1 
203 8 229 287 20 26 -1 -1 -1 -1 
204 1 140 148 342 331 -1 -1 -1 -1 
204 8 228 286 22 27 -1 -1 -1 -1 
205 1 140 148 342 331 -1 -1 -1 -1 
205 8 228 286 22 27 -1 -1 -1 -1 
206 1 140 149 348 330 -1 -1 -1 -1 
207 1 140 149 348 330 -1 -1 -1 -1 
208 1 144 150 338 329 -1 -1 -1 -1 
209 1 144 150 338 329 -1 -1 -1 -1 
210 1 144 150 338 329 -1 -1 -1 -1 
210 10 0 58 132 409 -1 -1 -1 -1 
211 1 143 152 339 327 -1 -1 -1 -1 
211 10 0 63 157 402 -1 -1 -1 -1 
212 1 143 152 339 327 -1 -1 -1 -1 
212 10 0 63 157 402 -1 -1 -1 -1 
213 1 146 149 328 330 -1 -1 -1 -1 
213 10 0 65 206 410 -1 -1 -1 -1 
214 1 146 149 328 330 -1 -1 -1 -1 
214 10 0 65 206 410 -1 -1 -1 -1 
215 1 151 150 328 329 -1 -1 -1 -1 
215 10 0 59 204 420 -1 -1 -1 -1 
216 1 154 151 327 328 -1 -1 -1 -1 
216 8 229 285 20 28 -1 -1 -1 -1 
216 10 1 59 214 420 -1 -1 -1 -1 
217 1 154 151 327 328 -1 -1 -1 -1 
217 8 229 285 20 28 -1 -1 -1 -1 
217 10 1 59 214 420 -1 -1 -1 -1 
218 1 127 153 352 326 -1 -1 -1 -1 
218 8 229 285 20 28 -1 -1 -1 -1 
219 1 127 153 352 326 -1 -1 -1 -1 
219 10 3 63 209 415 -1 -1 -1 -1 
220 1 124 150 354 329 -1 -1 -1 -1 
220 10 23 73 198 406 -1 -1 -1 -1 
221 1 124 150 354 329 -1 -1 -1 -1 
221 10 23 73 198 406 -1 -1 -1 -1 
222 1 138 151 344 328 -1 -1 -1 -1 
222 10 66 67 184 411 -1 -1 -1 -1 
223 1 125 151 362 326 -1 -1 -1 -1 
223 10 83 57 181 418 -1 -1 -1 -1 
224 1 125 151 362 326 -1 -1 -1 -1 
224 10 83 57 181 418 -1 -1 -1 -1 
225 1 141 150 338 329 -1 -1 -1 -1 
225 10 100 62 176 407 -1 -1 -1 -1 
226 1 141 150 338 329 -1 -1 -1 -1 
226 10 100 62 176 407 -1 -1 -1 -1 
227 1 151 153 327 326 -1 -1 -1 -1 
227 10 111 58 175 363 -1 -1 -1 -1 
228 1 151 153 327 326 -1 -1 -1 -1 
228 10 111 58 175 363 -1 -1 -1 -1 
229 1 148 154 330 325 -1 -1 -1 -1 
229 2 255 412 28 67 -1 -1 -1 -1 
229 10 120 60 200 352 -1 -1 -1 -1 
230 1 144 152 339 326 -1 -1 -1 -1 
230 2 255 412 28 67 -1 -1 -1 -1 
231 1 144 152 339 326 -1 -1 -1 -1 
231 10 136 62 196 331 -1 -1 -1 -1 
232 1 145 153 335 325 -1 -1 -1 -1 
232 10 151 64 199 281 -1 -1 -1 -1 
233 1 145 153 335 325 -1 -1 -1 -1 
233 10 151 64 199 281 -1 -1 -1 -1 
234 1 145 160 334 319 -1 -1 -1 -1 
234 10 160 62 200 285 -1 -1 -1 -1 
235 1 145 160 334 319 -1 -1 -1 -1 
235 10 160 62 200 285 -1 -1 -1 -1 
236 1 147 162 331 317 -1 -1 -1 -1 
236 10 184 62 193 277 -1 -1 -1 -1 
237 1 147 162 331 317 -1 -1 -1 -1 
237 10 184 62 193 277 -1 -1 -1 -1 
238 1 147 162 331 317 -1 -1 -1 -1 
238 10 184 62 193 277 -1 -1 -1 -1 
239 1 148 168 333 311 -1 -1 -1 -1 
239 10 189 56 200 281 -1 -1 -1 -1 
240 1 148 168 333 311 -1 -1 -1 -1 
240 10 189 56 200 281 -1 -1 -1 -1 
241 1 148 157 333 322 -1 -1 -1 -1 
241 10 193 64 206 272 -1 -1 -1 -1 
242 1 148 157 333 322 -1 -1 -1 -1 
242 10 193 64 206 272 -1 -1 -1 -1 
243 1 148 161 329 318 -1 -1 -1 -1 
243 10 210 61 199 253 -1 -1 -1 -1 
244 1 146 156 336 322 -1 -1 -1 -1 
244 10 228 56 204 273 -1 -1 -1 -1 
245 1 146 156 336 322 -1 -1 -1 -1 
245 10 228 56 204 273 -1 -1 -1 -1 
246 1 143 157 337 322 -1 -1 -1 -1 
246 10 256 51 206 393 -1 -1 -1 -1 
247 1 143 157 337 322 -1 -1 -1 -1 
247 10 256 51 206 393 -1 -1 -1 -1 
248 1 143 151 335 328 -1 -1 -1 -1 
248 2 122 237 108 78 -1 -1 -1 -1 
249 1 143 151 335 328 -1 -1 -1 -1 
249 2 122 237 108 78 -1 -1 -1 -1 
250 1 149 154 338 325 -1 -1 -1 -1 
250 2 122 237 108 78 -1 -1 -1 -1 
251 1 149 154 338 325 -1 -1 -1 -1 
251 10 303 43 208 415 -1 -1 -1 -1 
252 1 149 154 338 325 -1 -1 -1 -1 
252 10 303 43 208 415 -1 -1 -1 -1 
253 1 150 164 339 315 -1 -1 -1 -1 
253 8 229 285 21 28 -1 -1 -1 -1 
253 10 320 54 196 417 -1 -1 -1 -1 
254 1 150 164 339 315 -1 -1 -1 -1 
254 8 229 285 21 28 -1 -1 -1 -1 
254 10 320 54 196 417 -1 -1 -1 -1 
255 1 142 158 342 321 -1 -1 -1 -1 
255 8 229 285 21 28 -1 -1 -1 -1 
256 1 150 166 330 313 -1 -1 -1 -1 
256 10 328 49 200 419 -1 -1 -1 -1 
257 1 150 166 330 313 -1 -1 -1 -1 
257 10 328 49 200 419 -1 -1 -1 -1 
258 1 148 165 341 314 -1 -1 -1 -1 
258 10 332 38 198 431 -1 -1 -1 -1 
259 1 148 165 341 314 -1 -1 -1 -1 
259 10 332 38 198 431 -1 -1 -1 -1 
260 1 152 161 329 318 -1 -1 -1 -1 
260 10 333 46 197 416 -1 -1 -1 -1 
261 1 152 161 329 318 -1 -1 -1 -1 
261 10 333 46 197 416 -1 -1 -1 -1 
262 1 146 158 336 321 -1 -1 -1 -1 
262 10 335 43 198 412 -1 -1 -1 -1 
263 1 148 157 327 322 -1 -1 -1 -1 
263 8 312 440 91 39 -1 -1 -1 -1 
263 10 335 27 196 445 -1 -1 -1 -1 
264 1 148 157 327 322 -1 -1 -1 -1 
264 8 312 440 91 39 -1 -1 -1 -1 
264 10 335 27 196 445 -1 -1 -1 -1 
265 1 151 161 321 318 -1 -1 -1 -1 
265 2 120 235 109 81 -1 -1 -1 -1 
265 8 312 440 91 39 -1 -1 -1 -1 
265 10 334 49 196 404 -1 -1 -1 -1 
266 1 140 157 335 322 -1 -1 -1 -1 
266 2 120 235 109 81 -1 -1 -1 -1 
266 10 333 29 197 433 -1 -1 -1 -1 
267 1 140 157 335 322 -1 -1 -1 -1 
267 10 333 29 197 433 -1 -1 -1 -1 
268 1 143 158 339 321 -1 -1 -1 -1 
268 10 332 60 197 406 -1 -1 -1 -1 
269 1 146 158 333 321 -1 -1 -1 -1 
269 2 122 235 107 82 -1 -1 -1 -1 
269 10 333 55 195 412 -1 -1 -1 -1 
270 1 150 158 336 321 -1 -1 -1 -1 
270 2 122 235 107 82 -1 -1 -1 -1 
271 1 150 158 336 321 -1 -1 -1 -1 
271 10 334 57 194 410 -1 -1 -1 -1 
272 1 150 158 336 321 -1 -1 -1 -1 
272 10 334 57 194 410 -1 -1 -1 -1 
273 1 148 161 336 318 -1 -1 -1 -1 
273 10 333 36 196 434 -1 -1 -1 -1 
274 1 148 161 336 318 -1 -1 -1 -1 
274 10 333 36 196 434 -1 -1 -1 -1 
275 1 146 157 329 322 -1 -1 -1 -1 
275 10 333 41 194 422 -1 -1 -1 -1 
276 1 146 157 329 322 -1 -1 -1 -1 
276 10 333 41 194 422 -1 -1 -1 -1 
277 1 142 156 335 323 -1 -1 -1 -1 
277 10 334 41 193 408 -1 -1 -1 -1 
278 1 142 156 335 323 -1 -1 -1 -1 
278 10 334 41 193 408 -1 -1 -1 -1 
279 1 142 156 335 323 -1 -1 -1 -1 
279 10 334 41 193 408 -1 -1 -1 -1 
280 1 146 159 336 320 -1 -1 -1 -1 
280 10 334 58 193 406 -1 -1 -1 -1 
281 1 146 159 336 320 -1 -1 -1 -1 
281 10 334 58 193 406 -1 -1 -1 -1 
282 1 149 157 335 322 -1 -1 -1 -1 
282 10 337 42 192 427 -1 -1 -1 -1 
283 1 149 157 335 322 -1 -1 -1 -1 
283 10 337 42 192 427 -1 -1 -1 -1 
284 1 140 159 347 320 -1 -1 -1 -1 
284 10 335 35 191 429 -1 -1 -1 -1 
285 1 140 159 347 320 -1 -1 -1 -1 
285 10 335 35 191 429 -1 -1 -1 -1 
286 1 150 159 330 320 -1 -1 -1 -1 
286 10 335 58 193 404 -1 -1 -1 -1 
287 1 150 164 333 315 -1 -1 -1 -1 
287 10 335 41 195 427 -1 -1 -1 -1 
288 1 150 164 333 315 -1 -1 -1 -1 
288 10 335 41 195 427 -1 -1 -1 -1 
289 1 149 159 336 320 -1 -1 -1 -1 
289 10 334 35 197 429 -1 -1 -1 -1 
290 1 149 159 336 320 -1 -1 -1 -1 
290 10 334 35 197 429 -1 -1 -1 -1 
291 1 150 155 324 324 -1 -1 -1 -1 
291 10 335 59 195 405 -1 -1 -1 -1 
292 1 147 155 339 324 -1 -1 -1 -1 
292 10 334 57 195 407 -1 -1 -1 -1 
293 1 146 158 340 321 -1 -1 -1 -1 
293 10 333 61 196 402 -1 -1 -1 -1 
294 1 149 156 332 323 -1 -1 -1 -1 
294 10 333 59 197 408 -1 -1 -1 -1 
295 1 152 164 332 315 -1 -1 -1 -1 
295 10 333 37 196 429 -1 -1 -1 -1 
296 1 155 159 322 320 -1 -1 -1 -1 
296 10 334 40 195 424 -1 -1 -1 -1 
297 1 152 155 333 324 -1 -1 -1 -1 
297 10 334 35 194 437 -1 -1 -1 -1 
298 1 152 155 333 324 -1 -1 -1 -1 
298 10 334 35 194 437 -1 -1 -1 -1 
299 1 145 155 334 324 -1 -1 -1 -1 
299 10 333 37 198 432 -1 -1 -1 -1 
300 1 143 157 337 322 -1 -1 -1 -1 
300 10 333 64 196 399 -1 -1 -1 -1 
301 1 154 164 312 315 -1 -1 -1 -1 
301 2 119 316 105 150 -1 -1 -1 -1 
301 10 334 48 191 415 -1 -1 -1 -1 
302 1 152 155 323 324 -1 -1 -1 -1 
302 2 119 316 105 150 -1 -1 -1 -1 
303 1 152 155 323 324 -1 -1 -1 -1 
303 10 335 54 192 410 -1 -1 -1 -1 
304 1 147 158 332 321 -1 -1 -1 -1 
304 8 122 232 107 83 -1 -1 -1 -1 
304 10 334 46 202 427 -1 -1 -1 -1 
305 1 152 159 331 320 -1 -1 -1 -1 
305 8 122 232 107 83 -1 -1 -1 -1 
306 1 147 162 338 317 -1 -1 -1 -1 
306 10 334 49 201 415 -1 -1 -1 -1 
307 1 147 162 338 317 -1 -1 -1 -1 
307 10 334 49 201 415 -1 -1 -1 -1 
308 1 143 156 343 323 -1 -1 -1 -1 
308 2 121 314 108 154 -1 -1 -1 -1 
308 10 334 49 202 418 -1 -1 -1 -1 
309 1 143 156 343 323 -1 -1 -1 -1 
309 2 121 314 108 154 -1 -1 -1 -1 
309 10 334 49 202 418 -1 -1 -1 -1 
310 1 137 156 348 323 -1 -1 -1 -1 
310 2 121 314 108 154 -1 -1 -1 -1 
310 8 121 233 109 84 -1 -1 -1 -1 
311 1 143 156 329 323 -1 -1 -1 -1 
311 8 121 233 109 84 -1 -1 -1 -1 
311 10 333 59 197 393 -1 -1 -1 -1 
312 1 147 158 336 321 -1 -1 -1 -1 
312 10 330 48 200 415 -1 -1 -1 -1 
313 1 147 158 336 321 -1 -1 -1 -1 
313 10 330 48 200 415 -1 -1 -1 -1 
314 1 145 157 332 322 -1 -1 -1 -1 
314 10 331 38 199 428 -1 -1 -1 -1 
315 1 145 157 332 322 -1 -1 -1 -1 
315 10 331 38 199 428 -1 -1 -1 -1 
316 1 149 155 324 324 -1 -1 -1 -1 
316 10 333 47 199 411 -1 -1 -1 -1 
317 1 145 153 339 326 -1 -1 -1 -1 
317 8 121 236 108 81 -1 -1 -1 -1 
317 10 332 37 196 427 -1 -1 -1 -1 
318 1 147 153 329 326 -1 -1 -1 -1 
318 8 121 236 108 81 -1 -1 -1 -1 
319 1 147 153 329 326 -1 -1 -1 -1 
319 10 333 43 203 426 -1 -1 -1 -1 
320 1 148 156 323 323 -1 -1 -1 -1 
320 10 332 59 157 387 -1 -1 -1 -1 
321 1 148 156 323 323 -1 -1 -1 -1 
321 10 332 59 157 387 -1 -1 -1 -1 
322 1 149 160 325 319 -1 -1 -1 -1 
322 10 331 50 216 411 -1 -1 -1 -1 
323 1 149 160 325 319 -1 -1 -1 -1 
323 10 331 50 216 411 -1 -1 -1 -1 
324 1 145 157 340 322 -1 -1 -1 -1 
324 2 121 316 106 150 -1 -1 -1 -1 
324 10 330 43 226 412 -1 -1 -1 -1 
325 1 148 162 330 317 -1 -1 -1 -1 
325 2 121 316 106 150 -1 -1 -1 -1 
326 1 148 162 330 317 -1 -1 -1 -1 
326 10 328 26 229 447 -1 -1 -1 -1 
327 1 145 158 328 321 -1 -1 -1 -1 
327 10 329 70 230 390 -1 -1 -1 -1 
328 1 145 158 328 321 -1 -1 -1 -1 
328 10 329 70 230 390 -1 -1 -1 -1 
329 1 148 158 325 321 -1 -1 -1 -1 
329 10 327 64 233 399 -1 -1 -1 -1 
330 1 148 158 325 321 -1 -1 -1 -1 
330 10 327 64 233 399 -1 -1 -1 -1 
331 1 148 160 327 319 -1 -1 -1 -1 
332 1 148 160 327 319 -1 -1 -1 -1 
333 1 148 160 327 319 -1 -1 -1 -1 
334 1 146 164 325 315 -1 -1 -1 -1 
334 10 323 49 238 415 -1 -1 -1 -1 
335 1 146 164 325 315 -1 -1 -1 -1 
335 10 323 49 238 415 -1 -1 -1 -1 
336 1 148 159 328 320 -1 -1 -1 -1 
336 2 120 315 107 154 -1 -1 -1 -1 
337 1 148 159 328 320 -1 -1 -1 -1 
337 2 120 315 107 154 -1 -1 -1 -1 
338 1 146 162 317 317 -1 -1 -1 -1 
338 2 120 315 107 154 -1 -1 -1 -1 
339 1 148 167 321 312 -1 -1 -1 -1 
339 10 319 36 242 231 -1 -1 -1 -1 
340 1 148 167 321 312 -1 -1 -1 -1 
340 10 319 36 242 231 -1 -1 -1 -1 
341 1 147 165 325 314 -1 -1 -1 -1 
341 10 320 59 241 212 -1 -1 -1 -1 
342 1 147 165 325 314 -1 -1 -1 -1 
342 10 320 59 241 212 -1 -1 -1 -1 
343 1 149 152 306 327 -1 -1 -1 -1 
343 10 320 63 245 201 -1 -1 -1 -1 
344 1 149 152 306 327 -1 -1 -1 -1 
344 10 320 63 245 201 -1 -1 -1 -1 
345 1 145 153 307 326 -1 -1 -1 -1 
345 10 312 35 256 425 -1 -1 -1 -1 
346 1 150 150 303 329 -1 -1 -1 -1 
346 10 304 65 266 404 -1 -1 -1 -1 
347 1 150 150 303 329 -1 -1 -1 -1 
347 10 304 65 266 404 -1 -1 -1 -1 
348 1 149 146 310 333 -1 -1 -1 -1 
348 10 300 59 270 407 -1 -1 -1 -1 
349 1 149 146 310 333 -1 -1 -1 -1 
349 10 300 59 270 407 -1 -1 -1 -1 
350 1 148 147 311 332 -1 -1 -1 -1 
350 2 121 237 110 81 -1 -1 -1 -1 
351 1 148 147 311 332 -1 -1 -1 -1 
351 2 121 237 110 81 -1 -1 -1 -1 
352 1 149 144 314 335 -1 -1 -1 -1 
352 2 121 237 110 81 -1 -1 -1 -1 
353 1 148 148 324 331 -1 -1 -1 -1 
353 2 123 233 108 88 -1 -1 -1 -1 
353 8 120 313 89 156 -1 -1 -1 -1 
354 1 148 148 324 331 -1 -1 -1 -1 
354 2 123 233 108 88 -1 -1 -1 -1 
354 8 120 313 89 156 -1 -1 -1 -1 
355 1 145 147 317 332 -1 -1 -1 -1 
355 2 123 233 108 88 -1 -1 -1 -1 
356 1 145 147 317 332 -1 -1 -1 -1 
356 10 263 62 258 341 -1 -1 -1 -1 
357 1 146 144 323 334 -1 -1 -1 -1 
357 10 260 57 253 313 -1 -1 -1 -1 
358 1 146 144 323 334 -1 -1 -1 -1 
358 10 260 57 253 313 -1 -1 -1 -1 
359 1 144 146 333 332 -1 -1 -1 -1 
360 1 148 149 322 327 -1 -1 -1 -1 
361 1 148 149 322 327 -1 -1 -1 -1 
362 1 146 148 329 330 -1 -1 -1 -1 
363 1 146 148 329 330 -1 -1 -1 -1 
364 1 141 144 330 333 -1 -1 -1 -1 
365 1 141 144 330 333 -1 -1 -1 -1 
366 1 148 150 323 327 -1 -1 -1 -1 
366 10 217 66 260 275 -1 -1 -1 -1 
367 1 143 148 324 329 -1 -1 -1 -1 
367 10 218 67 257 270 -1 -1 -1 -1 
368 1 143 148 324 329 -1 -1 -1 -1 
368 10 218 67 257 270 -1 -1 -1 -1 
369 1 146 147 325 331 -1 -1 -1 -1 
369 10 213 66 263 274 -1 -1 -1 -1 
370 1 146 147 325 331 -1 -1 -1 -1 
370 10 213 66 263 274 -1 -1 -1 -1 
371 1 150 147 315 330 -1 -1 -1 -1 
371 10 215 65 261 281 -1 -1 -1 -1 
372 1 150 147 315 330 -1 -1 -1 -1 
372 10 215 65 261 281 -1 -1 -1 -1 
373 1 144 148 326 330 -1 -1 -1 -1 
373 10 217 66 257 272 -1 -1 -1 -1 
374 1 144 148 326 330 -1 -1 -1 -1 
374 10 217 66 257 272 -1 -1 -1 -1 
375 1 144 148 326 330 -1 -1 -1 -1 
375 10 217 66 257 272 -1 -1 -1 -1 
376 1 146 145 323 333 -1 -1 -1 -1 
376 10 216 65 256 273 -1 -1 -1 -1 
377 1 146 145 323 333 -1 -1 -1 -1 
377 10 216 65 256 273 -1 -1 -1 -1 
378 1 144 148 326 328 -1 -1 -1 -1 
378 10 214 65 259 274 -1 -1 -1 -1 
379 1 144 148 326 328 -1 -1 -1 -1 
379 10 214 65 259 274 -1 -1 -1 -1 
380 1 142 147 327 331 -1 -1 -1 -1 
380 10 215 65 260 271 -1 -1 -1 -1 
381 1 150 147 317 329 -1 -1 -1 -1 
381 10 212 64 262 276 -1 -1 -1 -1 
382 1 150 147 317 329 -1 -1 -1 -1 
382 10 212 64 262 276 -1 -1 -1 -1 
383 1 146 148 320 329 -1 -1 -1 -1 
383 10 212 64 262 276 -1 -1 -1 -1 
384 1 146 148 320 329 -1 -1 -1 -1 
384 10 212 64 262 276 -1 -1 -1 -1 
385 1 145 151 323 327 -1 -1 -1 -1 
385 10 215 66 259 276 -1 -1 -1 -1 
386 1 145 151 323 327 -1 -1 -1 -1 
386 10 215 66 259 276 -1 -1 -1 -1 
387 1 141 147 332 331 -1 -1 -1 -1 
387 10 211 66 264 272 -1 -1 -1 -1 
388 1 141 148 325 328 -1 -1 -1 -1 
388 10 213 64 262 277 -1 -1 -1 -1 
389 1 141 148 325 328 -1 -1 -1 -1 
389 10 213 64 262 277 -1 -1 -1 -1 
390 1 145 146 324 333 -1 -1 -1 -1 
390 10 214 66 262 275 -1 -1 -1 -1 
391 1 145 146 324 333 -1 -1 -1 -1 
391 10 214 66 262 275 -1 -1 -1 -1 
392 1 144 147 326 331 -1 -1 -1 -1 
392 10 212 64 262 278 -1 -1 -1 -1 
393 1 144 147 326 331 -1 -1 -1 -1 
393 10 212 64 262 278 -1 -1 -1 -1 
394 1 148 146 317 332 -1 -1 -1 -1 
394 10 213 65 261 282 -1 -1 -1 -1 
395 1 148 146 317 332 -1 -1 -1 -1 
395 10 213 65 261 282 -1 -1 -1 -1 
396 1 143 147 323 332 -1 -1 -1 -1 
396 10 211 65 260 281 -1 -1 -1 -1 
397 1 143 147 323 332 -1 -1 -1 -1 
397 10 211 65 260 281 -1 -1 -1 -1 
398 1 140 149 323 330 -1 -1 -1 -1 
398 10 211 65 258 281 -1 -1 -1 -1 
399 1 140 149 323 330 -1 -1 -1 -1 
399 10 211 65 258 281 -1 -1 -1 -1 
400 1 146 146 319 333 -1 -1 -1 -1 
400 10 212 65 255 284 -1 -1 -1 -1 
401 1 146 145 323 332 -1 -1 -1 -1 
401 10 209 65 256 284 -1 -1 -1 -1 
402 1 146 145 323 332 -1 -1 -1 -1 
402 10 209 65 256 284 -1 -1 -1 -1 
403 1 145 149 319 330 -1 -1 -1 -1 
403 10 209 65 257 282 -1 -1 -1 -1 
404 1 145 149 319 330 -1 -1 -1 -1 
404 10 209 65 257 282 -1 -1 -1 -1 
405 1 146 148 320 330 -1 -1 -1 -1 
405 10 210 67 253 277 -1 -1 -1 -1 
406 1 146 148 320 330 -1 -1 -1 -1 
406 10 210 67 253 277 -1 -1 -1 -1 
407 1 143 147 325 331 -1 -1 -1 -1 
407 10 208 64 253 281 -1 -1 -1 -1 
408 1 145 148 320 331 -1 -1 -1 -1 
408 10 211 65 248 274 -1 -1 -1 -1 
409 1 145 148 320 331 -1 -1 -1 -1 
409 10 211 65 248 274 -1 -1 -1 -1 
410 1 148 149 319 329 -1 -1 -1 -1 
410 10 205 64 255 275 -1 -1 -1 -1 
411 1 148 149 319 329 -1 -1 -1 -1 
411 10 205 64 255 275 -1 -1 -1 -1 
412 1 145 148 325 329 -1 -1 -1 -1 
412 10 208 64 249 271 -1 -1 -1 -1 
413 1 147 149 318 328 -1 -1 -1 -1 
413 10 211 64 247 277 -1 -1 -1 -1 
414 1 147 149 318 328 -1 -1 -1 -1 
414 10 211 64 247 277 -1 -1 -1 -1 
415 1 143 151 324 326 -1 -1 -1 -1 
415 10 206 63 251 277 -1 -1 -1 -1 
416 1 143 151 324 326 -1 -1 -1 -1 
416 10 206 63 251 277 -1 -1 -1 -1 
417 1 144 160 325 318 -1 -1 -1 -1 
417 10 205 64 251 276 -1 -1 -1 -1 
418 1 144 160 325 318 -1 -1 -1 -1 
418 10 205 64 251 276 -1 -1 -1 -1 
419 1 143 152 324 325 -1 -1 -1 -1 
420 1 145 152 320 326 -1 -1 -1 -1 
421 1 145 152 320 326 -1 -1 -1 -1 
422 1 146 152 323 326 -1 -1 -1 -1 
422 10 205 65 248 273 -1 -1 -1 -1 
423 1 146 152 323 326 -1 -1 -1 -1 
423 10 205 65 248 273 -1 -1 -1 -1 
424 1 148 152 318 326 -1 -1 -1 -1 
424 10 205 65 246 275 -1 -1 -1 -1 
425 1 148 152 318 326 -1 -1 -1 -1 
425 10 205 65 246 275 -1 -1 -1 -1 
426 1 143 150 325 328 -1 -1 -1 -1 
426 10 207 63 244 278 -1 -1 -1 -1 
427 1 147 158 318 320 -1 -1 -1 -1 
427 10 204 63 248 278 -1 -1 -1 -1 
428 1 144 152 323 327 -1 -1 -1 -1 
429 1 144 152 323 327 -1 -1 -1 -1 
430 1 147 153 322 325 -1 -1 -1 -1 
430 10 204 63 244 275 -1 -1 -1 -1 
431 1 147 153 322 325 -1 -1 -1 -1 
431 10 204 63 244 275 -1 -1 -1 -1 
432 1 148 153 316 325 -1 -1 -1 -1 
433 1 148 153 324 325 -1 -1 -1 -1 
433 10 207 66 243 272 -1 -1 -1 -1 
434 1 148 153 324 325 -1 -1 -1 -1 
434 10 207 66 243 272 -1 -1 -1 -1 
435 1 148 152 322 326 -1 -1 -1 -1 
436 1 148 152 322 326 -1 -1 -1 -1 
437 1 147 153 322 323 -1 -1 -1 -1 
437 10 204 64 245 274 -1 -1 -1 -1 
438 1 147 153 322 323 -1 -1 -1 -1 
438 10 204 64 245 274 -1 -1 -1 -1 
439 1 142 155 328 323 -1 -1 -1 -1 
439 10 205 64 244 276 -1 -1 -1 -1 
440 1 148 152 319 327 -1 -1 -1 -1 
440 10 204 64 244 275 -1 -1 -1 -1 
441 1 148 152 319 327 -1 -1 -1 -1 
441 10 204 64 244 275 -1 -1 -1 -1 
442 1 145 154 327 325 -1 -1 -1 -1 
442 10 205 65 242 272 -1 -1 -1 -1 
443 1 145 154 327 325 -1 -1 -1 -1 
443 10 205 65 242 272 -1 -1 -1 -1 
444 1 145 152 322 326 -1 -1 -1 -1 
444 10 202 64 247 273 -1 -1 -1 -1 
445 1 146 153 321 325 -1 -1 -1 -1 
445 10 204 65 246 273 -1 -1 -1 -1 
446 1 146 153 321 325 -1 -1 -1 -1 
446 10 204 65 246 273 -1 -1 -1 -1 
447 1 149 151 316 328 -1 -1 -1 -1 
447 10 203 64 246 274 -1 -1 -1 -1 
448 1 149 151 316 328 -1 -1 -1 -1 
448 10 203 64 246 274 -1 -1 -1 -1 
449 1 146 151 319 327 -1 -1 -1 -1 
449 10 204 62 242 275 -1 -1 -1 -1 
450 1 146 151 319 327 -1 -1 -1 -1 
450 10 204 62 242 275 -1 -1 -1 -1 
451 1 148 153 318 324 -1 -1 -1 -1 
451 10 204 64 244 273 -1 -1 -1 -1 
452 1 146 153 317 325 -1 -1 -1 -1 
452 10 201 64 249 271 -1 -1 -1 -1 
453 1 146 153 317 325 -1 -1 -1 -1 
453 10 201 64 249 271 -1 -1 -1 -1 
454 1 146 154 321 323 -1 -1 -1 -1 
454 10 201 64 246 273 -1 -1 -1 -1 
455 1 146 154 321 323 -1 -1 -1 -1 
455 10 201 64 246 273 -1 -1 -1 -1 
456 1 145 154 324 324 -1 -1 -1 -1 
456 10 203 64 244 272 -1 -1 -1 -1 
457 1 145 154 324 324 -1 -1 -1 -1 
457 10 203 64 244 272 -1 -1 -1 -1 
458 1 143 154 321 324 -1 -1 -1 -1 
458 10 201 65 246 271 -1 -1 -1 -1 
459 1 143 154 321 324 -1 -1 -1 -1 
459 10 201 65 246 271 -1 -1 -1 -1 
460 1 143 154 321 324 -1 -1 -1 -1 
460 10 201 65 246 271 -1 -1 -1 -1 
461 1 145 154 319 325 -1 -1 -1 -1 
461 10 200 66 247 271 -1 -1 -1 -1 
462 1 145 154 319 325 -1 -1 -1 -1 
462 10 200 66 247 271 -1 -1 -1 -1 
463 1 148 153 319 325 -1 -1 -1 -1 
463 10 201 63 246 279 -1 -1 -1 -1 
464 1 148 153 319 325 -1 -1 -1 -1 
464 10 201 63 246 279 -1 -1 -1 -1 
465 1 146 152 318 327 -1 -1 -1 -1 
465 10 203 63 243 277 -1 -1 -1 -1 
466 1 148 149 317 330 -1 -1 -1 -1 
466 10 200 66 247 269 -1 -1 -1 -1 
467 1 148 149 317 330 -1 -1 -1 -1 
467 10 200 66 247 269 -1 -1 -1 -1 
468 1 146 151 320 327 -1 -1 -1 -1 
468 10 201 64 244 274 -1 -1 -1 -1 
469 1 146 151 320 327 -1 -1 -1 -1 
469 10 201 64 244 274 -1 -1 -1 -1 
470 1 149 157 316 321 -1 -1 -1 -1 
470 10 200 65 246 275 -1 -1 -1 -1 
471 1 149 157 316 321 -1 -1 -1 -1 
471 10 200 65 246 275 -1 -1 -1 -1 
472 1 147 156 318 322 -1 -1 -1 -1 
472 10 200 65 244 282 -1 -1 -1 -1 
473 1 147 156 318 322 -1 -1 -1 -1 
473 10 200 65 244 282 -1 -1 -1 -1 
474 1 147 156 318 322 -1 -1 -1 -1 
474 10 200 65 244 282 -1 -1 -1 -1 
475 1 149 153 317 324 -1 -1 -1 -1 
475 10 198 62 247 279 -1 -1 -1 -1 
476 1 149 153 317 324 -1 -1 -1 -1 
476 10 198 62 247 279 -1 -1 -1 -1 
477 1 147 153 321 325 -1 -1 -1 -1 
477 10 199 63 246 282 -1 -1 -1 -1 
478 1 147 153 321 325 -1 -1 -1 -1 
478 10 199 63 246 282 -1 -1 -1 -1 
479 1 145 154 321 323 -1 -1 -1 -1 
479 10 202 64 243 278 -1 -1 -1 -1 
480 1 143 157 327 322 -1 -1 -1 -1 
480 10 202 64 243 270 -1 -1 -1 -1 
481 1 143 157 327 322 -1 -1 -1 -1 
481 10 202 64 243 270 -1 -1 -1 -1 
482 1 145 158 321 320 -1 -1 -1 -1 
482 10 199 64 246 275 -1 -1 -1 -1 
483 1 145 158 321 320 -1 -1 -1 -1 
483 10 199 64 246 275 -1 -1 -1 -1 
484 1 147 157 318 320 -1 -1 -1 -1 
484 10 196 65 249 276 -1 -1 -1 -1 
485 1 147 157 318 320 -1 -1 -1 -1 
485 10 196 65 249 276 -1 -1 -1 -1 
486 1 149 153 316 324 -1 -1 -1 -1 
486 10 203 62 241 276 -1 -1 -1 -1 
487 1 151 161 313 316 -1 -1 -1 -1 
487 10 195 61 249 280 -1 -1 -1 -1 
488 1 151 161 313 316 -1 -1 -1 -1 
488 10 195 61 249 280 -1 -1 -1 -1 
489 1 149 150 312 328 -1 -1 -1 -1 
489 10 199 62 246 281 -1 -1 -1 -1 
490 1 149 150 312 328 -1 -1 -1 -1 
490 10 199 62 246 281 -1 -1 -1 -1 
491 1 149 151 314 327 -1 -1 -1 -1 
491 10 201 65 243 280 -1 -1 -1 -1 
492 1 149 151 316 327 -1 -1 -1 -1 
492 10 198 63 248 281 -1 -1 -1 -1 
493 1 149 151 316 327 -1 -1 -1 -1 
493 10 198 63 248 281 -1 -1 -1 -1 
494 1 145 147 320 331 -1 -1 -1 -1 
494 10 201 65 245 278 -1 -1 -1 -1 
495 1 145 147 320 331 -1 -1 -1 -1 
495 10 201 65 245 278 -1 -1 -1 -1 
496 1 146 148 317 330 -1 -1 -1 -1 
496 10 206 64 238 276 -1 -1 -1 -1 
497 1 146 148 317 330 -1 -1 -1 -1 
497 10 206 64 238 276 -1 -1 -1 -1 
498 1 145 148 319 330 -1 -1 -1 -1 
498 10 201 65 245 272 -1 -1 -1 -1 
499 1 145 148 319 330 -1 -1 -1 -1 
499 10 201 65 246 272 -1 -1 -1 -1 
500 1 145 148 319 330 -1 -1 -1 -1 
500 10 201 65 246 272 -1 -1 -1 -1 
501 1 147 149 322 329 -1 -1 -1 -1 
501 10 203 65 244 273 -1 -1 -1 -1 
502 1 147 149 322 329 -1 -1 -1 -1 
502 10 203 65 244 273 -1 -1 -1 -1 
503 1 148 146 314 331 -1 -1 -1 -1 
503 10 203 67 242 272 -1 -1 -1 -1 
504 1 147 152 318 326 -1 -1 -1 -1 
504 10 204 64 243 276 -1 -1 -1 -1 
505 1 147 152 318 326 -1 -1 -1 -1 
505 10 204 64 243 276 -1 -1 -1 -1 
506 1 150 158 313 319 -1 -1 -1 -1 
506 10 201 66 247 273 -1 -1 -1 -1 
507 1 150 158 313 319 -1 -1 -1 -1 
507 10 201 66 247 273 -1 -1 -1 -1 
508 1 149 153 320 325 -1 -1 -1 -1 
508 10 201 65 245 272 -1 -1 -1 -1 
509 1 149 153 320 325 -1 -1 -1 -1 
509 10 201 65 245 272 -1 -1 -1 -1 
510 1 146 146 316 332 -1 -1 -1 -1 
511 1 148 147 316 330 -1 -1 -1 -1 
511 10 202 65 245 270 -1 -1 -1 -1 
512 1 148 147 316 330 -1 -1 -1 -1 
512 10 202 65 245 270 -1 -1 -1 -1 
513 1 149 157 317 320 -1 -1 -1 -1 
513 10 203 64 245 276 -1 -1 -1 -1 
514 1 149 157 317 320 -1 -1 -1 -1 
514 10 203 64 245 276 -1 -1 -1 -1 
515 1 147 148 320 330 -1 -1 -1 -1 
515 10 202 64 247 279 -1 -1 -1 -1 
516 1 147 148 320 330 -1 -1 -1 -1 
516 10 202 64 247 279 -1 -1 -1 -1 
517 1 146 152 317 326 -1 -1 -1 -1 
517 10 201 64 247 273 -1 -1 -1 -1 
518 1 145 149 322 329 -1 -1 -1 -1 
518 10 204 66 243 271 -1 -1 -1 -1 
519 1 145 149 322 329 -1 -1 -1 -1 
519 10 204 66 243 271 -1 -1 -1 -1 
520 1 148 148 319 330 -1 -1 -1 -1 
520 10 200 65 246 272 -1 -1 -1 -1 
521 1 148 148 319 330 -1 -1 -1 -1 
521 10 200 65 246 272 -1 -1 -1 -1 
522 1 147 150 317 328 -1 -1 -1 -1 
522 10 204 65 245 272 -1 -1 -1 -1 
523 1 144 150 321 328 -1 -1 -1 -1 
524 1 144 150 321 328 -1 -1 -1 -1 
525 1 148 149 318 330 -1 -1 -1 -1 
525 10 200 64 250 274 -1 -1 -1 -1 
526 1 148 149 318 330 -1 -1 -1 -1 
526 10 200 64 250 274 -1 -1 -1 -1 
527 1 148 150 320 327 -1 -1 -1 -1 
527 10 203 65 247 271 -1 -1 -1 -1 
528 1 148 150 320 327 -1 -1 -1 -1 
528 10 203 65 247 271 -1 -1 -1 -1 
529 1 145 154 319 324 -1 -1 -1 -1 
530 1 145 154 319 324 -1 -1 -1 -1 
531 1 145 154 319 324 -1 -1 -1 -1 
532 1 152 150 313 328 -1 -1 -1 -1 
532 10 203 65 248 273 -1 -1 -1 -1 
533 1 152 150 313 328 -1 -1 -1 -1 
533 10 203 65 248 273 -1 -1 -1 -1 
534 1 147 151 317 328 -1 -1 -1 -1 
534 10 200 66 250 270 -1 -1 -1 -1 
535 1 147 151 317 328 -1 -1 -1 -1 
535 10 200 66 250 270 -1 -1 -1 -1 
536 1 150 143 315 335 -1 -1 -1 -1 
537 1 144 153 328 325 -1 -1 -1 -1 
537 10 201 64 251 274 -1 -1 -1 -1 
538 1 144 153 328 325 -1 -1 -1 -1 
538 10 201 64 251 274 -1 -1 -1 -1 
539 1 147 149 317 330 -1 -1 -1 -1 
539 10 202 63 253 275 -1 -1 -1 -1 
540 1 147 149 317 330 -1 -1 -1 -1 
540 10 202 63 253 275 -1 -1 -1 -1 
541 1 146 150 318 329 -1 -1 -1 -1 
541 10 199 65 256 271 -1 -1 -1 -1 
542 1 146 150 318 329 -1 -1 -1 -1 
542 10 199 65 256 271 -1 -1 -1 -1 
543 1 145 148 323 329 -1 -1 -1 -1 
543 10 202 66 256 268 -1 -1 -1 -1 
544 1 143 153 321 326 -1 -1 -1 -1 
544 10 200 66 257 269 -1 -1 -1 -1 
545 1 143 153 321 326 -1 -1 -1 -1 
545 10 200 66 257 269 -1 -1 -1 -1 
546 1 145 153 322 325 -1 -1 -1 -1 
546 10 205 66 252 272 -1 -1 -1 -1 
547 1 145 153 322 325 -1 -1 -1 -1 
547 10 205 66 252 272 -1 -1 -1 -1 
548 1 146 151 319 327 -1 -1 -1 -1 
548 10 204 66 258 272 -1 -1 -1 -1 
549 1 146 151 319 327 -1 -1 -1 -1 
549 10 204 66 258 272 -1 -1 -1 -1 
550 1 143 146 322 330 -1 -1 -1 -1 
550 10 209 64 253 268 -1 -1 -1 -1 
551 1 140 144 325 335 -1 -1 -1 -1 
551 10 211 64 248 279 -1 -1 -1 -1 
552 1 140 144 325 335 -1 -1 -1 -1 
552 10 211 64 248 279 -1 -1 -1 -1 
553 1 134 145 329 333 -1 -1 -1 -1 
553 10 220 67 239 274 -1 -1 -1 -1 
554 1 134 145 329 333 -1 -1 -1 -1 
554 10 220 67 239 274 -1 -1 -1 -1 
555 1 134 137 335 340 -1 -1 -1 -1 
556 1 134 137 335 340 -1 -1 -1 -1 
557 1 134 137 335 340 -1 -1 -1 -1 
558 1 131 143 335 335 -1 -1 -1 -1 
559 1 131 143 335 335 -1 -1 -1 -1 
560 1 134 149 331 330 -1 -1 -1 -1 
560 10 253 61 257 190 -1 -1 -1 -1 
561 1 134 149 331 330 -1 -1 -1 -1 
561 10 253 61 257 190 -1 -1 -1 -1 
562 1 136 150 323 329 -1 -1 -1 -1 
562 10 271 51 257 423 -1 -1 -1 -1 
563 1 135 144 321 335 -1 -1 -1 -1 
563 10 283 62 249 410 -1 -1 -1 -1 
564 1 135 144 321 335 -1 -1 -1 -1 
564 10 283 62 249 410 -1 -1 -1 -1 
565 1 137 145 317 333 -1 -1 -1 -1 
565 10 285 52 253 423 -1 -1 -1 -1 
566 1 137 145 317 333 -1 -1 -1 -1 
566 10 285 52 253 423 -1 -1 -1 -1 
567 1 134 143 316 335 -1 -1 -1 -1 
567 10 291 54 250 423 -1 -1 -1 -1 
568 1 134 143 316 335 -1 -1 -1 -1 
568 10 291 54 250 423 -1 -1 -1 -1 
569 1 136 144 314 334 -1 -1 -1 -1 
569 10 303 58 253 420 -1 -1 -1 -1 
570 1 138 143 308 334 -1 -1 -1 -1 
570 10 307 59 257 418 -1 -1 -1 -1 
571 1 138 143 308 334 -1 -1 -1 -1 
571 10 307 59 257 418 -1 -1 -1 -1 
572 1 135 143 304 334 -1 -1 -1 -1 
572 10 310 66 257 410 -1 -1 -1 -1 
573 1 135 143 304 334 -1 -1 -1 -1 
573 10 310 66 257 410 -1 -1 -1 -1 
574 1 136 141 314 337 -1 -1 -1 -1 
574 10 313 59 256 419 -1 -1 -1 -1 
575 1 136 141 314 337 -1 -1 -1 -1 
575 10 313 59 256 419 -1 -1 -1 -1 
576 1 139 142 321 336 -1 -1 -1 -1 
576 10 318 64 253 399 -1 -1 -1 -1 
577 1 143 143 310 335 -1 -1 -1 -1 
577 10 318 63 259 415 -1 -1 -1 -1 
578 1 143 143 310 335 -1 -1 -1 -1 
578 10 318 63 259 415 -1 -1 -1 -1 
579 1 143 143 310 335 -1 -1 -1 -1 
579 10 318 63 259 415 -1 -1 -1 -1 
580 1 142 141 308 336 -1 -1 -1 -1 
580 10 320 65 259 408 -1 -1 -1 -1 
581 1 142 141 308 336 -1 -1 -1 -1 
581 10 320 65 259 408 -1 -1 -1 -1 
582 1 138 141 317 336 -1 -1 -1 -1 
582 10 319 67 261 408 -1 -1 -1 -1 
583 1 138 142 312 336 -1 -1 -1 -1 
583 10 322 57 257 422 -1 -1 -1 -1 
584 1 138 142 312 336 -1 -1 -1 -1 
584 10 322 57 257 422 -1 -1 -1 -1 
585 1 138 144 326 333 -1 -1 -1 -1 
585 10 323 65 258 414 -1 -1 -1 -1 
586 1 138 144 326 333 -1 -1 -1 -1 
586 10 323 65 258 414 -1 -1 -1 -1 
587 1 137 144 310 333 -1 -1 -1 -1 
587 10 325 62 254 415 -1 -1 -1 -1 
588 1 137 144 310 333 -1 -1 -1 -1 
588 10 325 62 254 415 -1 -1 -1 -1 
589 1 138 143 308 335 -1 -1 -1 -1 
589 10 323 62 260 414 -1 -1 -1 -1 
590 1 140 144 329 333 -1 -1 -1 -1 
590 10 326 61 256 418 -1 -1 -1 -1 
591 1 140 144 329 333 -1 -1 -1 -1 
591 10 326 61 256 418 -1 -1 -1 -1 
592 1 140 142 307 337 -1 -1 -1 -1 
592 10 325 61 258 416 -1 -1 -1 -1 
593 1 140 142 307 337 -1 -1 -1 -1 
593 10 325 61 258 416 -1 -1 -1 -1 
594 1 135 143 319 336 -1 -1 -1 -1 
594 10 328 59 253 419 -1 -1 -1 -1 
595 1 135 143 319 336 -1 -1 -1 -1 
595 10 328 59 253 419 -1 -1 -1 -1 
596 1 141 142 313 337 -1 -1 -1 -1 
596 10 325 61 259 418 -1 -1 -1 -1 
597 1 140 146 307 332 -1 -1 -1 -1 
597 10 324 65 258 412 -1 -1 -1 -1 
598 1 140 146 307 332 -1 -1 -1 -1 
598 10 324 65 258 412 -1 -1 -1 -1 
599 1 140 145 313 333 -1 -1 -1 -1 
599 10 326 64 256 413 -1 -1 -1 -1 
600 1 140 145 313 333 -1 -1 -1 -1 
600 10 326 64 256 413 -1 -1 -1 -1 
601 1 141 143 306 333 -1 -1 -1 -1 
601 10 325 65 259 411 -1 -1 -1 -1 
602 1 141 143 306 333 -1 -1 -1 -1 
602 10 325 65 259 411 -1 -1 -1 -1 
603 1 140 143 315 333 -1 -1 -1 -1 
603 10 327 63 254 416 -1 -1 -1 -1 
604 1 140 145 313 333 -1 -1 -1 -1 
604 10 325 63 257 416 -1 -1 -1 -1 
605 1 141 146 316 333 -1 -1 -1 -1 
605 10 325 62 258 406 -1 -1 -1 -1 
606 1 141 146 316 333 -1 -1 -1 -1 
606 10 325 62 258 406 -1 -1 -1 -1 
607 1 144 143 316 335 -1 -1 -1 -1 
607 10 327 61 253 418 -1 -1 -1 -1 
608 1 138 142 312 335 -1 -1 -1 -1 
608 10 327 63 254 415 -1 -1 -1 -1 
609 1 138 142 312 335 -1 -1 -1 -1 
609 10 327 63 254 415 -1 -1 -1 -1 
610 1 140 143 328 334 -1 -1 -1 -1 
610 10 326 62 256 416 -1 -1 -1 -1 
611 1 140 143 328 334 -1 -1 -1 -1 
611 10 326 62 256 416 -1 -1 -1 -1 
612 1 143 141 303 336 -1 -1 -1 -1 
612 10 327 69 256 403 -1 -1 -1 -1 
613 1 143 141 303 336 -1 -1 -1 -1 
613 10 327 69 256 403 -1 -1 -1 -1 
614 1 139 145 311 332 -1 -1 -1 -1 
614 10 327 68 256 411 -1 -1 -1 -1 
615 1 141 142 331 336 -1 -1 -1 -1 
615 10 326 68 256 411 -1 -1 -1 -1 
616 1 141 142 331 336 -1 -1 -1 -1 
616 10 326 68 256 411 -1 -1 -1 -1 
617 1 139 142 316 335 -1 -1 -1 -1 
617 10 324 63 259 411 -1 -1 -1 -1 
618 1 139 142 316 335 -1 -1 -1 -1 
618 10 324 63 259 411 -1 -1 -1 -1 
619 1 137 143 314 334 -1 -1 -1 -1 
619 10 326 65 257 414 -1 -1 -1 -1 
620 1 137 143 314 334 -1 -1 -1 -1 
620 10 326 65 257 414 -1 -1 -1 -1 
621 1 142 144 311 334 -1 -1 -1 -1 
621 10 326 67 257 412 -1 -1 -1 -1 
622 1 142 144 311 334 -1 -1 -1 -1 
622 10 326 67 257 412 -1 -1 -1 -1 
623 1 142 144 311 334 -1 -1 -1 -1 
623 10 326 67 257 412 -1 -1 -1 -1 
624 1 138 143 311 334 -1 -1 -1 -1 
624 10 327 69 254 406 -1 -1 -1 -1 
